Address:   192.168.1.60         11000000.10101000.00000001. 00111100
Netmask:   255.255.255.0 = 24   11111111.11111111.11111111. 00000000
Wildcard:  0.0.0.255            00000000.00000000.00000000. 11111111
=>
Network:   192.168.1.0/24       11000000.10101000.00000001. 00000000
HostMin:   192.168.1.1          11000000.10101000.00000001. 00000001
HostMax:   192.168.1.254        11000000.10101000.00000001. 11111110
Broadcast: 192.168.1.255        11000000.10101000.00000001. 11111111
Hosts/Net: 254                   Class C, Private Internet

PING 10.50.50.1 (10.50.50.1) 56(84) bytes of data.

--- 10.50.50.1 ping statistics ---
4 packets transmitted, 0 received, 100% packet loss, time 3075ms

